2001:218:0:1000::f004
                  0  2914 58367049  719610 1399717499    0    0    28w5d      38188
2001:268:f790:3::1
                  0  2516 30816980 1539149 1399717499    0    0    2y06w      39614
2001:7fa:0:1::ca28:a010
                  0  3300  310136  297401 1399717499    0    0    14w4d          4
2001:7fa:0:1::ca28:a01f
                  0 63916  166023  152980 1399717499    0    0 17:45:16          5
2001:7fa:0:1::ca28:a026
                  0 135391  400646  403653 1399717499    0    0    34w4d          2
2001:7fa:0:1::ca28:a029
                  0 38726 1684124 1622783 1399717499    0    0    15w2d         19
2001:7fa:0:1::ca28:a032
                  0 24441  584506  537282 1399717499    0    0    3d03h         11
2001:7fa:0:1::ca28:a047
                  0  2635  217029  218547 1399717499    0    0     1w0d          3
2001:7fa:0:1::ca28:a04a
                  0 58779  874976  782905 1399717499    0    0    15w0d          4
2001:7fa:0:1::ca28:a04c
                  0 64096   14968   14390 1399717499    0    0 00:15:34          4
2001:7fa:0:1::ca28:a04f
                  0 32934 1961317 1937874 1399717499    0    0     1w2d         16
2001:7fa:0:1::ca28:a052
                  0 19551 1683607 1646882 1399717499    0    0     2w0d         25
2001:7fa:0:1::ca28:a05e
                  0 43996 10952130 10388390 1399717499    0    0     1w2d          0
2001:7fa:0:1::ca28:a067
                  0  8966  318263 1269670        0    0    0     2w1d Idle
2001:7fa:0:1::ca28:a076
                  0 58451 1812338 1680680 1399717499    0    0    34w4d          8
2001:7fa:0:1::ca28:a081
                  0 38726 1613416 1586822 1399717499    0    0     2w2d         19
2001:7fa:0:1::ca28:a087
                  0 58451 1813070 1683739 1399717499    0    0     9w4d          8
2001:7fa:0:1::ca28:a088
                  0  2497 7633498 7267637 1399717499    0    0     9w0d        519
2001:7fa:0:1::ca28:a08b
                  0 38478 3275995 3184473 1399717499    0    0     6w5d          5
2001:7fa:0:1::ca28:a09d
                  0  2518 2962270 3008622 1399717499    0    0    4d00h         37
2001:7fa:0:1::ca28:a0a0
                  0 45352  474471  477354 1399717499    0    0     3w4d         14
2001:7fa:0:1::ca28:a0a2
                  0 58779  875542  783544 1399717499    0    0    11w6d          0
2001:7fa:0:1::ca28:a0a6
                  0 41913 1767447 1598015 1399717499    0    0    34w4d          3
2001:7fa:0:1::ca28:a0ac
                  0  4826 1665371 1277555 1399717499    0    0    10w4d        490
2001:7fa:0:1::ca28:a0b3
                  0 36236 1841873 1725411 1399717499    0    0     7w1d         49
2001:7fa:0:1::ca28:a0be
                  0 132506 1928740 2661858 1399717499    0    0    14w2d          0
2001:7fa:0:1::ca28:a0d2
                  0 20485 2418325 2255749 1399717499    0    0    11w0d         65
2001:7fa:0:1::ca28:a0d3
                  0  7602  352552  322640        0    0    0    1y12w Active
2001:7fa:0:1::ca28:a0d4
                  0  3356   53302   53495 1399717499    0    0     2w4d          5
2001:7fa:0:1::ca28:a0d9
                  0 15695  623353  572951 1399717499    0    0    14w2d          1
2001:7fa:0:1::ca28:a0f8
                  0 53727 1692589 1681044 1399717499    0    0     1w2d          1
2001:7fa:0:1::ca28:a0fc
                  0 18403 1099688 1885678        0    0    0    1y37w Idle
2001:7fa:0:1::ca28:a101
                  0  4635 94619200  572127 1399717499    0    0    34w4d      19601
2001:7fa:0:1::ca28:a102
                  0  4635 77312837  572508 1399717499    0    0    34w4d      19601
2001:7fa:0:1::ca28:a10e
                  0 135391  400675  403488 1399717499    0    0    34w4d          5
2001:7fa:0:1::ca28:a112
                  0 135391  400667  403491 1399717499    0    0    34w4d          2
2001:7fa:0:1::ca28:a11a
                  0 32787 1056401 1059284 1399717499    0    0     6w5d          4
2001:7fa:0:1::ca28:a120
                  0  4862  762570  707577 1399717499    0    0    14w4d         10
2001:7fa:0:1::ca28:a12e
                  0  2687 1670606 1593555 1399717499    0    0    10w6d          9
2001:7fa:0:1::ca28:a151
                  0  9269 1654071 1578187 1399717499    0    0    34w4d          4
2001:7fa:0:1::ca28:a154
                  0 45932 1702614 1682492 1399717499    0    0     1w5d          1
2001:7fa:0:1::ca28:a164
                  0 14537  162938  163814 1399717499    0    0     1w5d          2
2001:7fa:0:1::ca28:a16e
                  0 32934 3022355 3008457 1399717499    0    0     3w1d         16
2001:7fa:0:1::ca28:a183
                  0  9505 3153093 3006006 1399717499    0    0    30w5d         65
2001:7fa:0:1::ca28:a192
                  0  3303 1755345 1606157 1399717499    0    0     3w6d         49
2001:7fa:0:1::ca28:a19e
                  0  6939 58783163 1173926 1399717499    0    0    10w5d      38687
2001:7fa:0:1::ca28:a1b7
                  0 10310 3329461 3302399 1399717499    0    0    25w5d         55
2001:7fa:0:1::ca28:a1b8
                  0 10310 3348794 3314193 1399717499    0    0     3w5d         55
2001:7fa:0:1::ca28:a1dc
                  0 55818 1600347 1144010 1399717499    0    0     1w4d        116
2001:7fa:0:1::ca28:a1e3
                  0  9264 3578232 3430203 1399717499    0    0     7w0d         46
2001:7fa:0:1::ca28:a1f1
                  0 36351 3268624 3212632 1399717499    0    0    4d04h         32
2001:c38:5000::4651:26
                  0  4651 477248645 206789282 1399717499    0    0    12w2d      37564
2001:c38:5000::4651:27
                  0  4651 478178250 206219444 1399717499    0    0    12w2d      37564
2001:c38:5000::4651:36
                  0  4651 841633499 194250294 1399717499    0    0    12w2d      37564
2001:c38:5000::4651:37
                  0  4651 1009453934 193951379 1399717499    0    0     1w1d      37564
2001:2000:3080:1ee::1
                  0  1299 25598655 1180710 1399717499    0    0    28w4d      38123
2400:2000:0:201:0:4651:2001:1
                  0 17676  454009  455263 1399717499    0    0    44w5d         80
2400:8800:1f0e:1a::1
                  0  3491 34512946 1606250 1399717499    0    0    16w0d      38320
2400:8800:7f06:1c::1
                  0  3491  521880  608468        0    0    0    2y10w Idle (Admin)
2403:c780:b800:bb00::2906:1
                  0  2906  434149  437569 1399717499    0    0    12w0d          4
2403:c780:b800:bb00::2906:2
                  0  2906  434560  438056 1399717499    0    0    11w6d          4
2403:c780:b800:bb00::4648:1
                  0  4648 1005067  871308 1399717499    0    0     6w0d         54
2403:c780:b800:bb00::4826:1
                  0  4826  647440  430273 1399717499    0    0    11w0d        514
2403:c780:b800:bb00::6939:2
                  0  6939 20666034  439376 1399717499    0    0    10w5d      38687
2403:c780:b800:bb00:0:1:310:1
                  0 10310       0       0        0    0    0 00:00:00 Active
2403:c780:b800:bb00:0:1:7676:3
                  0 17676  431350  432306 1399717499    0    0    23w6d         80
2403:c780:b800:bb00:0:1:7676:4
                  0 17676  431110  432076 1399717499    0    0    23w6d         80
2403:c780:b800:bb00:0:4:5903:1
                  0 45903       0  693249        0    0    0 00:00:00 Idle
2403:c780:b800:bb00:0:5:9360:5245
                  0 59360 2499219  437328 1399717499    0    0    23w6d      18983
2403:c780:b800:bb00:0:5:9360:5246
                  0 59360 2491162  437330 1399717499    0    0    23w6d      18983
2a01:111:2000:1::42d
                  0  8075 3176757 3101327 1399717499    0    0     4w6d         52
